000000000000000000000000000000000000000000000000000000000000000000000000000000000000000000000000000000
000000000110000000000000000000000000000000000000000000000000000000000000000000000000000000000000000000
110000000000000011000000000000000000000000000000000000000000000000000000000000000000000000000000000000
000000000000000000000000000000000000000000000000000000000000000000000000000000000000000000000000000000
000000000000000000000000000000000000000000000000000000000000000000000000000000000000000000000000000000
000000000000000000000000000000000000000000000000000000000000000000000000000000000000000000000000050000
000110000000000000000000000000000000001100000000000000000000000000000000000000000000000000000000111000
000000000000000000000000000000000000000000000000000000000000000000000000000000000000000000000000000000
000000000000000000011000000000000000000000000000000000000000000000000000000000000000000000000000000000
110000000000000000000000000000000000000000000000000000000000000000000000000001100000000000000000000000
400000000000000000000000000000000000000000000000000000000000000000000000000000000000000000000000000000
000000000000001100000000000000000011000000000000000000000000000000000001000000000000000000000000000000
000000000000000000000000000000000000000000000110000000000000000000000000000000000000000011000000000000
000000000000000000000000000000000000000000000000000000000000000000000000000000000000000000000000000000
000000000000000000000000000000000000000000000000000000000000000000000000000000000000000000000000000000
000000000000000000000001100000000000000000000000000000000000000001100000000000000000000000000000000000
000000000000000000000000000000000000000000000000000000000000000000000000000000000000000000000000000000
000011000000000000000000000001100000000000000000000000000000000000000000000000000000000000000000000000
000000000000000000000000000000000000000000000000000000000000000000000000000000000000000000000000000000
110000000000000000000000000000000000000000000000000000001100000000000000000000000000000000000000000002